dataset=LOLBlur
PSNR=27.29856313281589
SSIM=0.898128640419907
LPIPS=0.0
